64430   75582
87936   20843
98310   72035
98142   69076
73170   50561
65508   20716
72642   84718
63792   89556
88319   66913
38149   43160
88982   10253
34137   95932
79589   92389
49164   98263
49746   92762
53896   43420
21240   95725
88691   37648
47697   66763
38234   98154
74901   20452
70760   11404
16084   74024
77408   32178
81054   45709
68478   92252
52984   55239
14952   20843
42548   69422
21427   20329
92508   81533
22650   76459
48388   81843
49540   25697
65666   12373
45713   16199
42419   10468
64757   30375
58273   43473
10576   20540
31508   42210
21718   52578
55862   92252
29892   20716
35978   50547
18953   43473
51379   31038
16417   83883
66023   24679
28031   55268
69178   45771
56463   93602
33368   20147
16434   43473
97551   73418
46904   19198
25697   60996
37363   35781
11282   92252
35209   72035
66763   27103
85271   69322
33759   94633
17008   83883
97073   21870
24061   55053
53095   92252
12374   92762
25571   51808
37178   10953
88710   67938
64979   48065
49734   80760
73780   81067
55802   37177
78442   90493
97220   32178
39845   25697
27359   39117
66371   17473
50236   82028
54937   41865
11989   69107
61602   78467
83376   75395
84545   42210
24250   55446
29247   37936
48897   21653
89795   26960
60748   39097
32745   20716
66967   43473
63073   21718
71949   83590
30876   83883
43640   21718
37703   37133
19198   43473
43605   42609
35757   54910
20959   23081
29302   52984
56530   82308
95611   42671
60818   39516
18302   61539
25344   25697
91669   80760
67090   98098
44280   59977
17423   65400
56952   78467
23067   72035
45925   76133
84963   87050
29175   32178
89724   74826
85282   49648
86399   77097
34615   52896
47895   52578
68604   72035
30689   20716
66582   92521
72688   76209
47389   87846
66229   64769
32205   70746
95885   83814
56440   19941
87356   21436
67641   92252
20678   45960
31065   75217
95705   69076
90463   44022
51401   36472
73186   48543
45910   49551
26499   84718
94815   20415
46840   43473
47483   94710
11870   43473
28799   14080
24832   79589
83929   51875
39407   53253
73986   62364
66614   44738
75392   21277
70204   55613
99686   21718
85726   19198
47638   92252
81669   30026
70370   60748
53783   11004
54371   35046
72567   87098
87969   32178
81067   60748
61446   98023
76471   92252
64431   25697
42080   80760
14486   13466
82716   52984
49351   15539
36159   15090
56913   88064
96843   44738
66639   89714
91239   42210
65785   76459
49114   86785
58894   41438
45307   79589
38693   80286
21963   52722
46504   44738
22201   84718
15556   61539
86120   86377
21887   81067
32242   92762
61544   37648
29147   73990
24239   62852
30163   48652
95900   83883
71487   60590
69076   47403
68557   70174
80423   85726